guillermo@guillermo-Strix-15-GL503GE:~/git/deepsleepnet$ python3.5 summary.py --data_dir output
(2,)
File: output/output_subject0.npz
Sample: 1950
W: 353.0
N1: 117.0
N2: 623.0
N3: 517.0
REM: 340.0
Confusion matrix:
[[329  15   4   1   4]
 [  9  46  28   2  32]
 [  2   3 535  43  40]
 [  0   0  29 487   1]
 [  1   8   8   0 323]]
Precision: [0.96480938 0.63888889 0.88576159 0.91369606 0.8075    ]
Recall: [0.93201133 0.39316239 0.85874799 0.94197292 0.95      ]
F1: [0.9481268  0.48677249 0.87204564 0.92761905 0.87297297]
Overall accuracy: 0.882051282051282
Macro-F1 accuracy: 0.8215073896578092
(2,)
File: output/output_subject1.npz
Sample: 2275
W: 305.0
N1: 201.0
N2: 1222.0
N3: 201.0
REM: 346.0
Confusion matrix:
[[ 199   38   10   17   41]
 [   3   43   32    1  122]
 [   0   38 1027   43  114]
 [   0    0   17  184    0]
 [   0    0    2    0  344]]
Precision: [0.98514851 0.36134454 0.94393382 0.75102041 0.55394525]
Recall: [0.65245902 0.21393035 0.84042553 0.91542289 0.99421965]
F1: [0.78500986 0.26875    0.88917749 0.82511211 0.7114788 ]
Overall accuracy: 0.7898901098901099
Macro-F1 accuracy: 0.6959056518294794
(2,)
File: output/output_subject2.npz
Sample: 2025
W: 244.0
N1: 278.0
N2: 947.0
N3: 214.0
REM: 342.0
Confusion matrix:
[[174  12   1   2  55]
 [  5  88 110   9  66]
 [  0   9 794 125  19]
 [  0   0   0 214   0]
 [  0   0  52   0 290]]
Precision: [0.97206704 0.80733945 0.82967607 0.61142857 0.6744186 ]
Recall: [0.71311475 0.31654676 0.83843717 1.         0.84795322]
F1: [0.82269504 0.45478036 0.83403361 0.75886525 0.75129534]
Overall accuracy: 0.7703703703703704
Macro-F1 accuracy: 0.7243339191355984
(2,)
File: output/output_subject3.npz
Sample: 1850
W: 263.0
N1: 106.0
N2: 885.0
N3: 188.0
REM: 408.0
Confusion matrix:
[[234  17   4   3   5]
 [  6  44  35   1  20]
 [  2   9 718 136  20]
 [  0   0   1 187   0]
 [  0   7  10   0 391]]
Precision: [0.96694215 0.57142857 0.93489583 0.57186544 0.89678899]
Recall: [0.88973384 0.41509434 0.81129944 0.99468085 0.95833333]
F1: [0.92673267 0.48087432 0.86872353 0.72621359 0.92654028]
Overall accuracy: 0.8508108108108108
Macro-F1 accuracy: 0.7858168799541547
 
DeepSleepNet (current)
Sample: 8100
W: 1165.0
N1: 702.0
N2: 3677.0
N3: 1120.0
REM: 1436.0
Confusion matrix:
[[ 936   82   19   23  105]
 [  23  221  205   13  240]
 [   4   59 3074  347  193]
 [   0    0   47 1072    1]
 [   1   15   72    0 1348]]
Precision: [0.97095436 0.5862069  0.89961955 0.73676976 0.71436142]
Recall: [0.80343348 0.31481481 0.83600761 0.95714286 0.93871866]
F1: [0.87928605 0.40963855 0.86664787 0.83262136 0.81131508]
Overall accuracy: 0.8211111111111111
Macro-F1 accuracy: 0.7599017822814685
 
Sharma (2017)
Sample: 15136
W: 8003.0
N1: 604.0
N2: 3621.0
N3: 1299.0
REM: 1609.0
Confusion matrix:
[[7944   11   12    6   30]
 [ 183  113  123    4  181]
 [  48    4 3334  149   86]
 [  13    0  198 1088    0]
 [  52   11  207    0 1339]]
Precision: [0.96407767 0.81294964 0.86060919 0.87249399 0.81845966]
Recall: [0.99262776 0.18708609 0.92074013 0.83756736 0.83219391]
F1: [0.97814443 0.30417227 0.88965977 0.854674   0.82526965]
Overall accuracy: 0.9129228329809725
Macro-F1 accuracy: 0.770384024645927
 
Hassan (2017)
Sample: 7596
W: 4028.0
N1: 302.0
N2: 1811.0
N3: 650.0
REM: 805.0
Confusion matrix:
[[3971   28    6    0   23]
 [  53  117   43    0   89]
 [  70    5 1641   54   41]
 [  33    0  104  513    0]
 [  41   24   84    1  655]]
Precision: [0.95273512 0.67241379 0.87380192 0.90316901 0.81064356]
Recall: [0.98584906 0.38741722 0.90612921 0.78923077 0.8136646 ]
F1: [0.96900927 0.49159664 0.889672   0.84236453 0.81215127]
Overall accuracy: 0.9079778830963665
Macro-F1 accuracy: 0.800958742449262
 
Tsinalis (2016)
Sample: 37022
W: 3380.0
N1: 2762.0
N2: 17578.0
N3: 5591.0
REM: 7711.0
Confusion matrix:
[[ 2744   441    34    23   138]
 [  472  1654   262     8   366]
 [  621  1270 13696  1231   760]
 [  143     7   469  4966     6]
 [  308   899   340     0  6164]]
Precision: [0.63992537 0.38726294 0.92534288 0.79736673 0.8291633 ]
Recall: [0.81183432 0.59884142 0.77915576 0.8882132  0.79937751]
F1: [0.71570162 0.47035405 0.84598042 0.84034182 0.81399802]
Overall accuracy: 0.7893684836043434
Macro-F1 accuracy: 0.7372751846741135
 
Dong (2016)
Sample: 59066
W: 6201.0
N1: 4833.0
N2: 29798.0
N3: 7653.0
REM: 10581.0
Confusion matrix:
[[ 5022   577   188    19   395]
 [  407  2468   989     4   965]
 [  130   630 27254  1021   763]
 [   13     0  1236  6399     5]
 [  103   258   609     0  9611]]
Precision: [0.88493392 0.62751081 0.90018496 0.85973398 0.81872391]
Recall: [0.80986938 0.51065591 0.91462514 0.83614269 0.90832625]
F1: [0.84573931 0.56308465 0.9073476  0.84777424 0.86120072]
Overall accuracy: 0.8592760640639285
Macro-F1 accuracy: 0.8050293035367548
 
Hsu (2013)
Sample: 960
W: 48.0
N1: 55.0
N2: 590.0
N3: 29.0
REM: 238.0
Confusion matrix:
[[ 34   2   7   2   3]
 [  0  20  23   3   9]
 [  3   4 574   8   1]
 [  0   0   3  26   0]
 [  3   5  13   4 213]]
Precision: [0.85       0.64516129 0.92580645 0.60465116 0.94247788]
Recall: [0.70833333 0.36363636 0.97288136 0.89655172 0.89495798]
F1: [0.77272727 0.46511628 0.94876033 0.72222222 0.91810345]
Overall accuracy: 0.903125
Macro-F1 accuracy: 0.7653859105747273
 
Liang (2012)
Sample: 8480
W: 226.0
N1: 253.0
N2: 4629.0
N3: 1510.0
REM: 1862.0
Confusion matrix:
[[ 195   24    4    0    3]
 [  61   72   48    3   69]
 [  12  103 4078  216  220]
 [   1    4  196 1309    0]
 [   8    8   22    6 1818]]
Precision: [0.70397112 0.34123223 0.93790248 0.85332464 0.86161137]
Recall: [0.86283186 0.28458498 0.88096781 0.86688742 0.9763695 ]
F1: [0.77534791 0.31034483 0.90854406 0.86005256 0.91540785]
Overall accuracy: 0.8811320754716981
Macro-F1 accuracy: 0.7539394429096935
 
Fraiwan (2012)
Sample: 6891
W: 2685.0
N1: 349.0
N2: 2356.0
N3: 594.0
REM: 907.0
Confusion matrix:
[[2407   89  111   38   40]
 [  56  185   52    8   48]
 [  69   85 1897  174  131]
 [  14    9   86  482    3]
 [  33   60   92    3  719]]
Precision: [0.93330748 0.43224299 0.84763181 0.68368794 0.76408077]
Recall: [0.89646182 0.53008596 0.80517827 0.81144781 0.79272326]
F1: [0.91451368 0.47619048 0.82585982 0.74210931 0.77813853]
Overall accuracy: 0.8257147003337687
Macro-F1 accuracy: 0.7473623628301891
